2019/10/21-13:16:38.355888 7fdc23193700 RocksDB version: 5.7.2
2019/10/21-13:16:38.355906 7fdc23193700 Git sha rocksdb_build_git_sha:
2019/10/21-13:16:38.355907 7fdc23193700 Compile date Aug 16 2017
2019/10/21-13:16:38.355908 7fdc23193700 DB SUMMARY
2019/10/21-13:16:38.355925 7fdc23193700 SST files in dataMap_0xcebabae2c878558a863cd899412dff7fb3664c0d dir, Total Num: 0, files: 
2019/10/21-13:16:38.355926 7fdc23193700 Write Ahead Log file in dataMap_0xcebabae2c878558a863cd899412dff7fb3664c0d: 
2019/10/21-13:16:38.355927 7fdc23193700                         Options.error_if_exists: 0
2019/10/21-13:16:38.355928 7fdc23193700                       Options.create_if_missing: 1
2019/10/21-13:16:38.355929 7fdc23193700                         Options.paranoid_checks: 1
2019/10/21-13:16:38.355929 7fdc23193700                                     Options.env: 0x7fdbf1a6d880
2019/10/21-13:16:38.355930 7fdc23193700                                Options.info_log: 0x7fdc1cb0f0a0
2019/10/21-13:16:38.355930 7fdc23193700                Options.max_file_opening_threads: 16
2019/10/21-13:16:38.355931 7fdc23193700                               Options.use_fsync: 0
2019/10/21-13:16:38.355932 7fdc23193700                       Options.max_log_file_size: 0
2019/10/21-13:16:38.355932 7fdc23193700                  Options.max_manifest_file_size: 18446744073709551615
2019/10/21-13:16:38.355933 7fdc23193700                   Options.log_file_time_to_roll: 0
2019/10/21-13:16:38.355934 7fdc23193700                       Options.keep_log_file_num: 1000
2019/10/21-13:16:38.355934 7fdc23193700                    Options.recycle_log_file_num: 0
2019/10/21-13:16:38.355935 7fdc23193700                         Options.allow_fallocate: 1
2019/10/21-13:16:38.355935 7fdc23193700                        Options.allow_mmap_reads: 0
2019/10/21-13:16:38.355936 7fdc23193700                       Options.allow_mmap_writes: 0
2019/10/21-13:16:38.355937 7fdc23193700                        Options.use_direct_reads: 0
2019/10/21-13:16:38.355937 7fdc23193700                        Options.use_direct_io_for_flush_and_compaction: 0
2019/10/21-13:16:38.355938 7fdc23193700          Options.create_missing_column_families: 0
2019/10/21-13:16:38.355938 7fdc23193700                              Options.db_log_dir: 
2019/10/21-13:16:38.355939 7fdc23193700                                 Options.wal_dir: dataMap_0xcebabae2c878558a863cd899412dff7fb3664c0d
2019/10/21-13:16:38.355940 7fdc23193700                Options.table_cache_numshardbits: 6
2019/10/21-13:16:38.355940 7fdc23193700                      Options.max_subcompactions: 1
2019/10/21-13:16:38.355941 7fdc23193700                  Options.max_background_flushes: -1
2019/10/21-13:16:38.355942 7fdc23193700                         Options.WAL_ttl_seconds: 0
2019/10/21-13:16:38.355942 7fdc23193700                       Options.WAL_size_limit_MB: 0
2019/10/21-13:16:38.355943 7fdc23193700             Options.manifest_preallocation_size: 4194304
2019/10/21-13:16:38.355943 7fdc23193700                     Options.is_fd_close_on_exec: 1
2019/10/21-13:16:38.355944 7fdc23193700                   Options.advise_random_on_open: 1
2019/10/21-13:16:38.355945 7fdc23193700                    Options.db_write_buffer_size: 0
2019/10/21-13:16:38.355945 7fdc23193700         Options.access_hint_on_compaction_start: 1
2019/10/21-13:16:38.355946 7fdc23193700  Options.new_table_reader_for_compaction_inputs: 0
2019/10/21-13:16:38.355946 7fdc23193700               Options.compaction_readahead_size: 0
2019/10/21-13:16:38.355947 7fdc23193700           Options.random_access_max_buffer_size: 1048576
2019/10/21-13:16:38.355948 7fdc23193700           Options.writable_file_max_buffer_size: 1048576
2019/10/21-13:16:38.355948 7fdc23193700                      Options.use_adaptive_mutex: 0
2019/10/21-13:16:38.355949 7fdc23193700                            Options.rate_limiter: (nil)
2019/10/21-13:16:38.355950 7fdc23193700     Options.sst_file_manager.rate_bytes_per_sec: 0
2019/10/21-13:16:38.355950 7fdc23193700                          Options.bytes_per_sync: 0
2019/10/21-13:16:38.355951 7fdc23193700                      Options.wal_bytes_per_sync: 0
2019/10/21-13:16:38.355958 7fdc23193700                       Options.wal_recovery_mode: 2
2019/10/21-13:16:38.355959 7fdc23193700                  Options.enable_thread_tracking: 0
2019/10/21-13:16:38.355959 7fdc23193700                  Options.enable_pipelined_write: 0
2019/10/21-13:16:38.355960 7fdc23193700         Options.allow_concurrent_memtable_write: 1
2019/10/21-13:16:38.355960 7fdc23193700      Options.enable_write_thread_adaptive_yield: 1
2019/10/21-13:16:38.355961 7fdc23193700             Options.write_thread_max_yield_usec: 100
2019/10/21-13:16:38.355962 7fdc23193700            Options.write_thread_slow_yield_usec: 3
2019/10/21-13:16:38.355962 7fdc23193700                               Options.row_cache: None
2019/10/21-13:16:38.355963 7fdc23193700                              Options.wal_filter: None
2019/10/21-13:16:38.355963 7fdc23193700             Options.avoid_flush_during_recovery: 0
2019/10/21-13:16:38.355964 7fdc23193700             Options.allow_ingest_behind: 0
2019/10/21-13:16:38.355965 7fdc23193700             Options.concurrent_prepare: 0
2019/10/21-13:16:38.355965 7fdc23193700             Options.manual_wal_flush: 0
2019/10/21-13:16:38.355966 7fdc23193700             Options.max_background_jobs: 2
2019/10/21-13:16:38.355967 7fdc23193700             Options.max_background_compactions: -1
2019/10/21-13:16:38.355967 7fdc23193700             Options.avoid_flush_during_shutdown: 0
2019/10/21-13:16:38.355968 7fdc23193700             Options.delayed_write_rate : 16777216
2019/10/21-13:16:38.355969 7fdc23193700             Options.max_total_wal_size: 0
2019/10/21-13:16:38.355969 7fdc23193700             Options.delete_obsolete_files_period_micros: 21600000000
2019/10/21-13:16:38.355970 7fdc23193700                   Options.stats_dump_period_sec: 600
2019/10/21-13:16:38.355971 7fdc23193700                          Options.max_open_files: -1
2019/10/21-13:16:38.355971 7fdc23193700 Compression algorithms supported:
2019/10/21-13:16:38.355972 7fdc23193700 	Snappy supported: 1
2019/10/21-13:16:38.355972 7fdc23193700 	Zlib supported: 1
2019/10/21-13:16:38.355973 7fdc23193700 	Bzip supported: 1
2019/10/21-13:16:38.355974 7fdc23193700 	LZ4 supported: 1
2019/10/21-13:16:38.355974 7fdc23193700 	ZSTD supported: 1
2019/10/21-13:16:38.355975 7fdc23193700 Fast CRC32 supported: 0
2019/10/21-13:16:38.356006 7fdc23193700 [db/db_impl_open.cc:216] Creating manifest 1 
2019/10/21-13:16:38.368579 7fdc23193700 [db/version_set.cc:2712] Recovering from manifest file: MANIFEST-000001
2019/10/21-13:16:38.368630 7fdc23193700 [db/column_family.cc:413] --------------- Options for column family [default]:
2019/10/21-13:16:38.368632 7fdc23193700               Options.comparator: leveldb.BytewiseComparator
2019/10/21-13:16:38.368633 7fdc23193700           Options.merge_operator: None
2019/10/21-13:16:38.368633 7fdc23193700        Options.compaction_filter: None
2019/10/21-13:16:38.368634 7fdc23193700        Options.compaction_filter_factory: None
2019/10/21-13:16:38.368635 7fdc23193700         Options.memtable_factory: SkipListFactory
2019/10/21-13:16:38.368635 7fdc23193700            Options.table_factory: BlockBasedTable
2019/10/21-13:16:38.368654 7fdc23193700            table_factory options:   flush_block_policy_factory: FlushBlockBySizePolicyFactory (0x7fdc1cb0bbe0)
  cache_index_and_filter_blocks: 0
  cache_index_and_filter_blocks_with_high_priority: 0
  pin_l0_filter_and_index_blocks_in_cache: 0
  index_type: 0
  hash_index_allow_collision: 1
  checksum: 1
  no_block_cache: 0
  block_cache: 0x7fdc1cb0bc38
  block_cache_name: LRUCache
  block_cache_options:
    capacity : 8388608
    num_shard_bits : 4
    strict_capacity_limit : 0
    high_pri_pool_ratio: 0.000
  block_cache_compressed: (nil)
  persistent_cache: (nil)
  block_size: 4096
  block_size_deviation: 10
  block_restart_interval: 16
  index_block_restart_interval: 1
  filter_policy: nullptr
  whole_key_filtering: 1
  format_version: 2
2019/10/21-13:16:38.368655 7fdc23193700        Options.write_buffer_size: 67108864
2019/10/21-13:16:38.368656 7fdc23193700  Options.max_write_buffer_number: 2
2019/10/21-13:16:38.368666 7fdc23193700          Options.compression: Snappy
2019/10/21-13:16:38.368667 7fdc23193700                  Options.bottommost_compression: Disabled
2019/10/21-13:16:38.368668 7fdc23193700       Options.prefix_extractor: nullptr
2019/10/21-13:16:38.368668 7fdc23193700   Options.memtable_insert_with_hint_prefix_extractor: nullptr
2019/10/21-13:16:38.368669 7fdc23193700             Options.num_levels: 7
2019/10/21-13:16:38.368670 7fdc23193700        Options.min_write_buffer_number_to_merge: 1
2019/10/21-13:16:38.368670 7fdc23193700     Options.max_write_buffer_number_to_maintain: 0
2019/10/21-13:16:38.368671 7fdc23193700            Options.compression_opts.window_bits: -14
2019/10/21-13:16:38.368671 7fdc23193700                  Options.compression_opts.level: -1
2019/10/21-13:16:38.368672 7fdc23193700               Options.compression_opts.strategy: 0
2019/10/21-13:16:38.368673 7fdc23193700         Options.compression_opts.max_dict_bytes: 0
2019/10/21-13:16:38.368673 7fdc23193700      Options.level0_file_num_compaction_trigger: 4
2019/10/21-13:16:38.368674 7fdc23193700          Options.level0_slowdown_writes_trigger: 20
2019/10/21-13:16:38.368675 7fdc23193700              Options.level0_stop_writes_trigger: 36
2019/10/21-13:16:38.368675 7fdc23193700                   Options.target_file_size_base: 67108864
2019/10/21-13:16:38.368676 7fdc23193700             Options.target_file_size_multiplier: 1
2019/10/21-13:16:38.368676 7fdc23193700                Options.max_bytes_for_level_base: 268435456
2019/10/21-13:16:38.368677 7fdc23193700 Options.level_compaction_dynamic_level_bytes: 0
2019/10/21-13:16:38.368678 7fdc23193700          Options.max_bytes_for_level_multiplier: 10.000000
2019/10/21-13:16:38.368679 7fdc23193700 Options.max_bytes_for_level_multiplier_addtl[0]: 1
2019/10/21-13:16:38.368680 7fdc23193700 Options.max_bytes_for_level_multiplier_addtl[1]: 1
2019/10/21-13:16:38.368681 7fdc23193700 Options.max_bytes_for_level_multiplier_addtl[2]: 1
2019/10/21-13:16:38.368681 7fdc23193700 Options.max_bytes_for_level_multiplier_addtl[3]: 1
2019/10/21-13:16:38.368682 7fdc23193700 Options.max_bytes_for_level_multiplier_addtl[4]: 1
2019/10/21-13:16:38.368683 7fdc23193700 Options.max_bytes_for_level_multiplier_addtl[5]: 1
2019/10/21-13:16:38.368683 7fdc23193700 Options.max_bytes_for_level_multiplier_addtl[6]: 1
2019/10/21-13:16:38.368684 7fdc23193700       Options.max_sequential_skip_in_iterations: 8
2019/10/21-13:16:38.368685 7fdc23193700                    Options.max_compaction_bytes: 1677721600
2019/10/21-13:16:38.368685 7fdc23193700                        Options.arena_block_size: 8388608
2019/10/21-13:16:38.368686 7fdc23193700   Options.soft_pending_compaction_bytes_limit: 68719476736
2019/10/21-13:16:38.368687 7fdc23193700   Options.hard_pending_compaction_bytes_limit: 274877906944
2019/10/21-13:16:38.368687 7fdc23193700       Options.rate_limit_delay_max_milliseconds: 100
2019/10/21-13:16:38.368688 7fdc23193700                Options.disable_auto_compactions: 0
2019/10/21-13:16:38.368689 7fdc23193700                        Options.compaction_style: kCompactionStyleLevel
2019/10/21-13:16:38.368690 7fdc23193700                          Options.compaction_pri: kByCompensatedSize
2019/10/21-13:16:38.368690 7fdc23193700 Options.compaction_options_universal.size_ratio: 1
2019/10/21-13:16:38.368691 7fdc23193700 Options.compaction_options_universal.min_merge_width: 2
2019/10/21-13:16:38.368692 7fdc23193700 Options.compaction_options_universal.max_merge_width: 4294967295
2019/10/21-13:16:38.368692 7fdc23193700 Options.compaction_options_universal.max_size_amplification_percent: 200
2019/10/21-13:16:38.368693 7fdc23193700 Options.compaction_options_universal.compression_size_percent: -1
2019/10/21-13:16:38.368694 7fdc23193700 Options.compaction_options_universal.stop_style: kCompactionStopStyleTotalSize
2019/10/21-13:16:38.368694 7fdc23193700 Options.compaction_options_fifo.max_table_files_size: 1073741824
2019/10/21-13:16:38.368695 7fdc23193700 Options.compaction_options_fifo.allow_compaction: 0
2019/10/21-13:16:38.368699 7fdc23193700 Options.compaction_options_fifo.ttl: 0
2019/10/21-13:16:38.368700 7fdc23193700                   Options.table_properties_collectors: 
2019/10/21-13:16:38.368701 7fdc23193700                   Options.inplace_update_support: 0
2019/10/21-13:16:38.368701 7fdc23193700                 Options.inplace_update_num_locks: 10000
2019/10/21-13:16:38.368702 7fdc23193700               Options.memtable_prefix_bloom_size_ratio: 0.000000
2019/10/21-13:16:38.368703 7fdc23193700   Options.memtable_huge_page_size: 0
2019/10/21-13:16:38.368703 7fdc23193700                           Options.bloom_locality: 0
2019/10/21-13:16:38.368704 7fdc23193700                    Options.max_successive_merges: 0
2019/10/21-13:16:38.368705 7fdc23193700                Options.optimize_filters_for_hits: 0
2019/10/21-13:16:38.368705 7fdc23193700                Options.paranoid_file_checks: 0
2019/10/21-13:16:38.368706 7fdc23193700                Options.force_consistency_checks: 0
2019/10/21-13:16:38.368707 7fdc23193700                Options.report_bg_io_stats: 0
2019/10/21-13:16:38.369242 7fdc23193700 [db/version_set.cc:2969] Recovered from manifest file:dataMap_0xcebabae2c878558a863cd899412dff7fb3664c0d/MANIFEST-000001 succeeded,manifest_file_number is 1, next_file_number is 3, last_sequence is 0, log_number is 0,prev_log_number is 0,max_column_family is 0
2019/10/21-13:16:38.369246 7fdc23193700 [db/version_set.cc:2977] Column family [default] (ID 0), log number is 0
2019/10/21-13:16:38.375931 7fdc23193700 [db/db_impl_open.cc:1111] DB pointer 0x7fdc1cb0d3e0
