2019/10/21-13:22:33.249038 7f75f24eb700 RocksDB version: 5.7.2
2019/10/21-13:22:33.249054 7f75f24eb700 Git sha rocksdb_build_git_sha:
2019/10/21-13:22:33.249055 7f75f24eb700 Compile date Aug 16 2017
2019/10/21-13:22:33.249056 7f75f24eb700 DB SUMMARY
2019/10/21-13:22:33.249071 7f75f24eb700 SST files in dataMap_0x2a52f93a30b78bdcc81293880bb025579596a504 dir, Total Num: 0, files: 
2019/10/21-13:22:33.249073 7f75f24eb700 Write Ahead Log file in dataMap_0x2a52f93a30b78bdcc81293880bb025579596a504: 
2019/10/21-13:22:33.249074 7f75f24eb700                         Options.error_if_exists: 0
2019/10/21-13:22:33.249074 7f75f24eb700                       Options.create_if_missing: 1
2019/10/21-13:22:33.249075 7f75f24eb700                         Options.paranoid_checks: 1
2019/10/21-13:22:33.249076 7f75f24eb700                                     Options.env: 0x7f75c0cfb880
2019/10/21-13:22:33.249076 7f75f24eb700                                Options.info_log: 0x7f75e8b55720
2019/10/21-13:22:33.249077 7f75f24eb700                Options.max_file_opening_threads: 16
2019/10/21-13:22:33.249078 7f75f24eb700                               Options.use_fsync: 0
2019/10/21-13:22:33.249078 7f75f24eb700                       Options.max_log_file_size: 0
2019/10/21-13:22:33.249079 7f75f24eb700                  Options.max_manifest_file_size: 18446744073709551615
2019/10/21-13:22:33.249079 7f75f24eb700                   Options.log_file_time_to_roll: 0
2019/10/21-13:22:33.249080 7f75f24eb700                       Options.keep_log_file_num: 1000
2019/10/21-13:22:33.249081 7f75f24eb700                    Options.recycle_log_file_num: 0
2019/10/21-13:22:33.249081 7f75f24eb700                         Options.allow_fallocate: 1
2019/10/21-13:22:33.249082 7f75f24eb700                        Options.allow_mmap_reads: 0
2019/10/21-13:22:33.249082 7f75f24eb700                       Options.allow_mmap_writes: 0
2019/10/21-13:22:33.249083 7f75f24eb700                        Options.use_direct_reads: 0
2019/10/21-13:22:33.249083 7f75f24eb700                        Options.use_direct_io_for_flush_and_compaction: 0
2019/10/21-13:22:33.249084 7f75f24eb700          Options.create_missing_column_families: 0
2019/10/21-13:22:33.249085 7f75f24eb700                              Options.db_log_dir: 
2019/10/21-13:22:33.249085 7f75f24eb700                                 Options.wal_dir: dataMap_0x2a52f93a30b78bdcc81293880bb025579596a504
2019/10/21-13:22:33.249086 7f75f24eb700                Options.table_cache_numshardbits: 6
2019/10/21-13:22:33.249086 7f75f24eb700                      Options.max_subcompactions: 1
2019/10/21-13:22:33.249087 7f75f24eb700                  Options.max_background_flushes: -1
2019/10/21-13:22:33.249088 7f75f24eb700                         Options.WAL_ttl_seconds: 0
2019/10/21-13:22:33.249088 7f75f24eb700                       Options.WAL_size_limit_MB: 0
2019/10/21-13:22:33.249089 7f75f24eb700             Options.manifest_preallocation_size: 4194304
2019/10/21-13:22:33.249089 7f75f24eb700                     Options.is_fd_close_on_exec: 1
2019/10/21-13:22:33.249090 7f75f24eb700                   Options.advise_random_on_open: 1
2019/10/21-13:22:33.249091 7f75f24eb700                    Options.db_write_buffer_size: 0
2019/10/21-13:22:33.249091 7f75f24eb700         Options.access_hint_on_compaction_start: 1
2019/10/21-13:22:33.249092 7f75f24eb700  Options.new_table_reader_for_compaction_inputs: 0
2019/10/21-13:22:33.249092 7f75f24eb700               Options.compaction_readahead_size: 0
2019/10/21-13:22:33.249093 7f75f24eb700           Options.random_access_max_buffer_size: 1048576
2019/10/21-13:22:33.249094 7f75f24eb700           Options.writable_file_max_buffer_size: 1048576
2019/10/21-13:22:33.249094 7f75f24eb700                      Options.use_adaptive_mutex: 0
2019/10/21-13:22:33.249095 7f75f24eb700                            Options.rate_limiter: (nil)
2019/10/21-13:22:33.249095 7f75f24eb700     Options.sst_file_manager.rate_bytes_per_sec: 0
2019/10/21-13:22:33.249096 7f75f24eb700                          Options.bytes_per_sync: 0
2019/10/21-13:22:33.249097 7f75f24eb700                      Options.wal_bytes_per_sync: 0
2019/10/21-13:22:33.249104 7f75f24eb700                       Options.wal_recovery_mode: 2
2019/10/21-13:22:33.249105 7f75f24eb700                  Options.enable_thread_tracking: 0
2019/10/21-13:22:33.249106 7f75f24eb700                  Options.enable_pipelined_write: 0
2019/10/21-13:22:33.249106 7f75f24eb700         Options.allow_concurrent_memtable_write: 1
2019/10/21-13:22:33.249107 7f75f24eb700      Options.enable_write_thread_adaptive_yield: 1
2019/10/21-13:22:33.249107 7f75f24eb700             Options.write_thread_max_yield_usec: 100
2019/10/21-13:22:33.249108 7f75f24eb700            Options.write_thread_slow_yield_usec: 3
2019/10/21-13:22:33.249108 7f75f24eb700                               Options.row_cache: None
2019/10/21-13:22:33.249109 7f75f24eb700                              Options.wal_filter: None
2019/10/21-13:22:33.249110 7f75f24eb700             Options.avoid_flush_during_recovery: 0
2019/10/21-13:22:33.249110 7f75f24eb700             Options.allow_ingest_behind: 0
2019/10/21-13:22:33.249111 7f75f24eb700             Options.concurrent_prepare: 0
2019/10/21-13:22:33.249111 7f75f24eb700             Options.manual_wal_flush: 0
2019/10/21-13:22:33.249112 7f75f24eb700             Options.max_background_jobs: 2
2019/10/21-13:22:33.249113 7f75f24eb700             Options.max_background_compactions: -1
2019/10/21-13:22:33.249113 7f75f24eb700             Options.avoid_flush_during_shutdown: 0
2019/10/21-13:22:33.249114 7f75f24eb700             Options.delayed_write_rate : 16777216
2019/10/21-13:22:33.249114 7f75f24eb700             Options.max_total_wal_size: 0
2019/10/21-13:22:33.249115 7f75f24eb700             Options.delete_obsolete_files_period_micros: 21600000000
2019/10/21-13:22:33.249116 7f75f24eb700                   Options.stats_dump_period_sec: 600
2019/10/21-13:22:33.249116 7f75f24eb700                          Options.max_open_files: -1
2019/10/21-13:22:33.249117 7f75f24eb700 Compression algorithms supported:
2019/10/21-13:22:33.249117 7f75f24eb700 	Snappy supported: 1
2019/10/21-13:22:33.249118 7f75f24eb700 	Zlib supported: 1
2019/10/21-13:22:33.249119 7f75f24eb700 	Bzip supported: 1
2019/10/21-13:22:33.249119 7f75f24eb700 	LZ4 supported: 1
2019/10/21-13:22:33.249120 7f75f24eb700 	ZSTD supported: 1
2019/10/21-13:22:33.249121 7f75f24eb700 Fast CRC32 supported: 0
2019/10/21-13:22:33.249160 7f75f24eb700 [db/db_impl_open.cc:216] Creating manifest 1 
2019/10/21-13:22:33.260026 7f75f24eb700 [db/version_set.cc:2712] Recovering from manifest file: MANIFEST-000001
2019/10/21-13:22:33.260079 7f75f24eb700 [db/column_family.cc:413] --------------- Options for column family [default]:
2019/10/21-13:22:33.260081 7f75f24eb700               Options.comparator: leveldb.BytewiseComparator
2019/10/21-13:22:33.260082 7f75f24eb700           Options.merge_operator: None
2019/10/21-13:22:33.260083 7f75f24eb700        Options.compaction_filter: None
2019/10/21-13:22:33.260083 7f75f24eb700        Options.compaction_filter_factory: None
2019/10/21-13:22:33.260084 7f75f24eb700         Options.memtable_factory: SkipListFactory
2019/10/21-13:22:33.260084 7f75f24eb700            Options.table_factory: BlockBasedTable
2019/10/21-13:22:33.260103 7f75f24eb700            table_factory options:   flush_block_policy_factory: FlushBlockBySizePolicyFactory (0x7f75e8b51bf0)
  cache_index_and_filter_blocks: 0
  cache_index_and_filter_blocks_with_high_priority: 0
  pin_l0_filter_and_index_blocks_in_cache: 0
  index_type: 0
  hash_index_allow_collision: 1
  checksum: 1
  no_block_cache: 0
  block_cache: 0x7f75e8b51c48
  block_cache_name: LRUCache
  block_cache_options:
    capacity : 8388608
    num_shard_bits : 4
    strict_capacity_limit : 0
    high_pri_pool_ratio: 0.000
  block_cache_compressed: (nil)
  persistent_cache: (nil)
  block_size: 4096
  block_size_deviation: 10
  block_restart_interval: 16
  index_block_restart_interval: 1
  filter_policy: nullptr
  whole_key_filtering: 1
  format_version: 2
2019/10/21-13:22:33.260104 7f75f24eb700        Options.write_buffer_size: 67108864
2019/10/21-13:22:33.260105 7f75f24eb700  Options.max_write_buffer_number: 2
2019/10/21-13:22:33.260119 7f75f24eb700          Options.compression: Snappy
2019/10/21-13:22:33.260120 7f75f24eb700                  Options.bottommost_compression: Disabled
2019/10/21-13:22:33.260120 7f75f24eb700       Options.prefix_extractor: nullptr
2019/10/21-13:22:33.260121 7f75f24eb700   Options.memtable_insert_with_hint_prefix_extractor: nullptr
2019/10/21-13:22:33.260122 7f75f24eb700             Options.num_levels: 7
2019/10/21-13:22:33.260122 7f75f24eb700        Options.min_write_buffer_number_to_merge: 1
2019/10/21-13:22:33.260123 7f75f24eb700     Options.max_write_buffer_number_to_maintain: 0
2019/10/21-13:22:33.260123 7f75f24eb700            Options.compression_opts.window_bits: -14
2019/10/21-13:22:33.260124 7f75f24eb700                  Options.compression_opts.level: -1
2019/10/21-13:22:33.260125 7f75f24eb700               Options.compression_opts.strategy: 0
2019/10/21-13:22:33.260125 7f75f24eb700         Options.compression_opts.max_dict_bytes: 0
2019/10/21-13:22:33.260126 7f75f24eb700      Options.level0_file_num_compaction_trigger: 4
2019/10/21-13:22:33.260127 7f75f24eb700          Options.level0_slowdown_writes_trigger: 20
2019/10/21-13:22:33.260127 7f75f24eb700              Options.level0_stop_writes_trigger: 36
2019/10/21-13:22:33.260128 7f75f24eb700                   Options.target_file_size_base: 67108864
2019/10/21-13:22:33.260128 7f75f24eb700             Options.target_file_size_multiplier: 1
2019/10/21-13:22:33.260129 7f75f24eb700                Options.max_bytes_for_level_base: 268435456
2019/10/21-13:22:33.260130 7f75f24eb700 Options.level_compaction_dynamic_level_bytes: 0
2019/10/21-13:22:33.260130 7f75f24eb700          Options.max_bytes_for_level_multiplier: 10.000000
2019/10/21-13:22:33.260132 7f75f24eb700 Options.max_bytes_for_level_multiplier_addtl[0]: 1
2019/10/21-13:22:33.260133 7f75f24eb700 Options.max_bytes_for_level_multiplier_addtl[1]: 1
2019/10/21-13:22:33.260133 7f75f24eb700 Options.max_bytes_for_level_multiplier_addtl[2]: 1
2019/10/21-13:22:33.260134 7f75f24eb700 Options.max_bytes_for_level_multiplier_addtl[3]: 1
2019/10/21-13:22:33.260134 7f75f24eb700 Options.max_bytes_for_level_multiplier_addtl[4]: 1
2019/10/21-13:22:33.260135 7f75f24eb700 Options.max_bytes_for_level_multiplier_addtl[5]: 1
2019/10/21-13:22:33.260136 7f75f24eb700 Options.max_bytes_for_level_multiplier_addtl[6]: 1
2019/10/21-13:22:33.260136 7f75f24eb700       Options.max_sequential_skip_in_iterations: 8
2019/10/21-13:22:33.260137 7f75f24eb700                    Options.max_compaction_bytes: 1677721600
2019/10/21-13:22:33.260138 7f75f24eb700                        Options.arena_block_size: 8388608
2019/10/21-13:22:33.260138 7f75f24eb700   Options.soft_pending_compaction_bytes_limit: 68719476736
2019/10/21-13:22:33.260139 7f75f24eb700   Options.hard_pending_compaction_bytes_limit: 274877906944
2019/10/21-13:22:33.260139 7f75f24eb700       Options.rate_limit_delay_max_milliseconds: 100
2019/10/21-13:22:33.260140 7f75f24eb700                Options.disable_auto_compactions: 0
2019/10/21-13:22:33.260141 7f75f24eb700                        Options.compaction_style: kCompactionStyleLevel
2019/10/21-13:22:33.260142 7f75f24eb700                          Options.compaction_pri: kByCompensatedSize
2019/10/21-13:22:33.260143 7f75f24eb700 Options.compaction_options_universal.size_ratio: 1
2019/10/21-13:22:33.260144 7f75f24eb700 Options.compaction_options_universal.min_merge_width: 2
2019/10/21-13:22:33.260144 7f75f24eb700 Options.compaction_options_universal.max_merge_width: 4294967295
2019/10/21-13:22:33.260145 7f75f24eb700 Options.compaction_options_universal.max_size_amplification_percent: 200
2019/10/21-13:22:33.260145 7f75f24eb700 Options.compaction_options_universal.compression_size_percent: -1
2019/10/21-13:22:33.260146 7f75f24eb700 Options.compaction_options_universal.stop_style: kCompactionStopStyleTotalSize
2019/10/21-13:22:33.260147 7f75f24eb700 Options.compaction_options_fifo.max_table_files_size: 1073741824
2019/10/21-13:22:33.260147 7f75f24eb700 Options.compaction_options_fifo.allow_compaction: 0
2019/10/21-13:22:33.260152 7f75f24eb700 Options.compaction_options_fifo.ttl: 0
2019/10/21-13:22:33.260153 7f75f24eb700                   Options.table_properties_collectors: 
2019/10/21-13:22:33.260153 7f75f24eb700                   Options.inplace_update_support: 0
2019/10/21-13:22:33.260154 7f75f24eb700                 Options.inplace_update_num_locks: 10000
2019/10/21-13:22:33.260155 7f75f24eb700               Options.memtable_prefix_bloom_size_ratio: 0.000000
2019/10/21-13:22:33.260155 7f75f24eb700   Options.memtable_huge_page_size: 0
2019/10/21-13:22:33.260156 7f75f24eb700                           Options.bloom_locality: 0
2019/10/21-13:22:33.260157 7f75f24eb700                    Options.max_successive_merges: 0
2019/10/21-13:22:33.260157 7f75f24eb700                Options.optimize_filters_for_hits: 0
2019/10/21-13:22:33.260158 7f75f24eb700                Options.paranoid_file_checks: 0
2019/10/21-13:22:33.260158 7f75f24eb700                Options.force_consistency_checks: 0
2019/10/21-13:22:33.260159 7f75f24eb700                Options.report_bg_io_stats: 0
2019/10/21-13:22:33.260605 7f75f24eb700 [db/version_set.cc:2969] Recovered from manifest file:dataMap_0x2a52f93a30b78bdcc81293880bb025579596a504/MANIFEST-000001 succeeded,manifest_file_number is 1, next_file_number is 3, last_sequence is 0, log_number is 0,prev_log_number is 0,max_column_family is 0
2019/10/21-13:22:33.260609 7f75f24eb700 [db/version_set.cc:2977] Column family [default] (ID 0), log number is 0
2019/10/21-13:22:33.266272 7f75f24eb700 [db/db_impl_open.cc:1111] DB pointer 0x7f75e8b533f0
